000000000001
000000000010
000000000100
000000000101
000000000111
000000001010
000000001101
000000001110
000000010010
000000010111
000000011000
000000100000
000000100010
000000100011
000000100101
000000100110
000000101011
000000110001
000000110111
000000111000
000000111011
000001010011
000001010100
000001010111
000001011000
000001011010
000001100011
000001101001
000001110010
000001111000
000001111011
000001111111
000010000010
000010000101
000010001100
000010001101
000010010100
000010011100
000010011110
000010100001
000010100100
000010101011
000010101100
000010101110
000010110100
000010111110
000010111111
000011000101
000011000110
000011001010
000011001101
000011001110
000011001111
000011010010
000011011100
000011011101
000011011110
000011100010
000011100100
000011100101
000011100111
000011101001
000011101010
000011101011
000011101101
000011110010
000011111100
000011111101
000011111111
000100000010
000100010110
000100011010
000100011101
000100011110
000100100001
000100101001
000100110111
000100111101
000101000001
000101001001
000101001100
000101010000
000101010101
000101100010
000101101010
000101101111
000101110000
000101110011
000101110101
000101110111
000101111000
000110000001
000110000010
000110001010
000110010000
000110010010
000110010111
000110011101
000110100000
000110100110
000110101010
000110101111
000110110000
000110110100
000110110101
000110111011
000110111110
000111000011
000111000110
000111001100
000111001110
000111010101
000111100001
000111100010
000111100110
000111101000
000111110001
000111110100
000111111001
000111111011
001000000100
001000010000
001000010001
001000010011
001000011101
001000011111
001000100101
001000100111
001000101010
001000101100
001000110000
001000110010
001000110111
001000111000
001000111001
001000111110
001000111111
001001000000
001001000100
001001001111
001001010100
001001010101
001001011001
001001011101
001001100001
001001100100
001001100101
001001110001
001001111101
001001111111
001010001001
001010001101
001010001110
001010010000
001010010011
001010010100
001010011011
001010100110
001010101111
001010110000
001010111101
001011000100
001011000101
001011001001
001011001100
001011001101
001011001110
001011010000
001011010010
001011010011
001011010111
001011011000
001011011010
001011011110
001011100001
001011100100
001011101010
001011110111
001011111010
001100000010
001100000011
001100000110
001100001000
001100001001
001100001010
001100001111
001100010000
001100010110
001100010111
001100011000
001100011110
001100100011
001100101000
001100110010
001100110101
001100111101
001101000010
001101001000
001101010111
001101011000
001101011101
001101011110
001101100000
001101100101
001101100111
001101101001
001101101010
001101101111
001101110100
001101110110
001101111001
001101111011
001101111111
001110000010
001110000101
001110001111
001110010011
001110010100
001110011001
001110101100
001110101101
001110111001
001110111100
001111000001
001111000011
001111001000
001111001010
001111001100
001111001101
001111001111
001111010001
001111011000
001111011101
001111100000
001111100001
001111101001
001111101100
001111101110
001111101111
001111110010
001111110100
001111110101
001111111011
010000000011
010000000110
010000001011
010000001110
010000010010
010000011011
010000011101
010000100000
010000101011
010000111010
010000111101
010000111111
010001000100
010001010010
010001010100
010001010101
010001011000
010001011101
010001100011
010001100110
010001100111
010001101000
010001101101
010001101111
010001110101
010001111000
010001111001
010001111110
010010000011
010010001000
010010001001
010010010011
010010010101
010010010110
010010011000
010010011010
010010011011
010010011110
010010011111
010010100010
010010100101
010010101010
010010101111
010010110000
010010110110
010010111011
010011000000
010011000100
010011000110
010011001100
010011001101
010011010110
010011011001
010011011101
010011100000
010011100101
010011100111
010011101000
010011101101
010011110010
010011111001
010011111010
010011111110
010100000000
010100000001
010100000010
010100000011
010100001000
010100001001
010100001010
010100001101
010100010011
010100010101
010100010111
010100011001
010100011101
010100101111
010100110000
010100110110
010100111001
010100111101
010101000101
010101001000
010101001010
010101001011
010101001101
010101001111
010101010100
010101011000
010101100101
010101101100
010101101110
010101101111
010101110010
010101110011
010101110100
010101110101
010101111000
010101111010
010101111011
010110000010
010110000011
010110000100
010110000101
010110001001
010110001010
010110001100
010110001110
010110001111
010110010000
010110010001
010110010011
010110010111
010110011010
010110100100
010110100101
010110100111
010110101110
010110110001
010110110010
010110110011
010110110100
010110111110
010110111111
010111000001
010111000011
010111000100
010111000110
010111001110
010111010100
010111011001
010111011100
010111011111
010111100011
010111100101
010111100110
010111101011
010111101101
010111101111
010111111000
010111111011
010111111101
010111111110
011000000001
011000000010
011000000111
011000001011
011000001101
011000010010
011000010100
011000010111
011000011110
011000101101
011000110000
011000110010
011000111001
011000111010
011000111100
011001001101
011001010000
011001010001
011001010100
011001011011
011001100011
011001101001
011001110100
011001110101
011001110110
011001111011
011001111100
011001111110
011001111111
011010000000
011010000010
011010001001
011010001010
011010001011
011010001100
011010010011
011010011011
011010110001
011010111000
011011000000
011011001111
011011010000
011011010110
011011010111
011011011101
011011100000
011011100011
011011101100
011011110001
011011110011
011011111011
011011111110
011100000111
011100001000
011100001001
011100010010
011100010110
011100011000
011100011001
011100011010
011100011100
011100011111
011100110000
011100110100
011100110111
011101000000
011101000010
011101000101
011101000111
011101001000
011101001010
011101001011
011101010100
011101011001
011101011010
011101011011
011101100011
011101100110
011101100111
011101101000
011101101010
011101110001
011101110010
011110000001
011110000100
011110000101
011110000110
011110010011
011110011101
011110100001
011110100010
011110100011
011110101111
011110110101
011110111000
011110111001
011110111101
011111000000
011111000001
011111000010
011111000110
011111000111
011111001010
011111010000
011111010100
011111011000
011111100001
011111100010
011111100101
011111100110
011111101000
011111101001
011111110000
100000000010
100000000011
100000000101
100000001000
100000001011
100000001101
100000010011
100000011000
100000011001
100000011101
100000100010
100000100111
100000101011
100000111010
100001000111
100001001011
100001001111
100001010000
100001010100
100001010101
100001011111
100001100011
100001100100
100001100101
100001100111
100001101010
100001101101
100001101110
100001101111
100001110011
100001110111
100001111001
100001111010
100001111100
100010000010
100010000100
100010001011
100010001100
100010010101
100010011001
100010011011
100010011101
100010011111
100010100001
100010100010
100010100011
100010100111
100010101001
100010101010
100010101100
100010110011
100010111000
100010111001
100010111100
100011000001
100011000110
100011001100
100011001101
100011001111
100011010100
100011010101
100011010110
100011011000
100011011010
100011011100
100011100010
100011101110
100011101111
100011110011
100011111101
100011111111
100100000001
100100001001
100100001010
100100010011
100100011011
100100100010
100100100100
100100110000
100100110001
100100110010
100100111001
100100111010
100100111011
100100111101
100101000010
100101001010
100101011101
100101100000
100101100001
100101100011
100101110001
100101110010
100101110011
100101111001
100101111011
100101111111
100110000100
100110000101
100110000110
100110001110
100110001111
100110010100
100110010111
100110011000
100110011011
100110011111
100110100101
100110101000
100110101011
100110110001
100110110010
100110111001
100110111010
100111000110
100111010001
100111011000
100111011001
100111100100
100111101000
100111110110
100111111010
100111111011
100111111110
101000000001
101000000100
101000000110
101000001000
101000010111
101000011000
101000011010
101000100001
101000100010
101000101010
101000101101
101000101111
101000110000
101000110110
101000111000
101001000010
101001000101
101001000111
101001001010
101001001100
101001001110
101001010001
101001011011
101001011101
101001011111
101001100001
101001101011
101001101101
101001101110
101001110001
101001110010
101001110110
101001111010
101001111100
101001111101
101001111111
101010001000
101010001001
101010001110
101010100110
101010100111
101010101001
101010101101
101010110001
101010110100
101010110110
101010111110
101011000001
101011001100
101011001110
101011010000
101011011110
101011011111
101011100000
101011100010
101011100011
101011100110
101011110111
101011111000
101011111110
101011111111
101100000011
101100001000
101100001010
101100001100
101100010000
101100010001
101100010101
101100010110
101100011000
101100011011
101100011111
101100100110
101100101110
101100101111
101100110000
101100110001
101100110100
101100110101
101100111000
101101000001
101101000100
101101010010
101101010011
101101011011
101101011110
101101101000
101101101011
101101101111
101101110011
101101111010
101101111011
101110000000
101110001000
101110001001
101110001011
101110001101
101110010010
101110010011
101110011000
101110011110
101110100101
101110100111
101110101010
101110110001
101110110100
101110111000
101110111011
101111000010
101111000110
101111001000
101111001100
101111010000
101111010100
101111011110
101111100000
101111100110
101111100111
101111101001
101111101010
101111101101
101111110111
101111111000
101111111011
101111111111
110000000110
110000001000
110000010011
110000010101
110000011001
110000100000
110000100001
110000100011
110000100100
110000101000
110000101101
110000110000
110000110001
110000110010
110000110110
110000111100
110001000000
110001000110
110001001001
110001001010
110001001101
110001001110
110001011001
110001100000
110001100001
110001110011
110001111010
110001111011
110001111111
110010001000
110010001010
110010001101
110010010001
110010011001
110010011011
110010011110
110010011111
110010101110
110010110011
110010110100
110010110111
110010111110
110011000000
110011000011
110011001001
110011001010
110011001110
110011011001
110011011100
110011011111
110011100110
110011101010
110011101101
110011110010
110011111000
110011111011
110100000000
110100000100
110100000101
110100000111
110100001010
110100010000
110100010010
110100010011
110100010101
110100010110
110100011000
110100011011
110100101110
110100110010
110100110101
110100111000
110100111001
110100111010
110100111101
110100111111
110101000100
110101001000
110101001001
110101001010
110101001101
110101001111
110101010000
110101010101
110101011001
110101011011
110101011101
110101100000
110101100111
110101101110
110101111011
110101111110
110110000000
110110000101
110110000111
110110001000
110110011010
110110100000
110110100001
110110100010
110110100100
110110110001
110110110100
110110110101
110110110111
110110111000
110110111001
110110111011
110110111110
110111000000
110111000101
110111001011
110111010100
110111010101
110111010110
110111011001
110111011110
110111011111
110111100010
110111100100
110111100101
110111110000
110111110001
110111110100
110111110101
110111111000
110111111100
110111111101
111000000100
111000000101
111000010011
111000010100
111000010101
111000100001
111000100011
111000101010
111000101011
111000101101
111000101111
111000110001
111000110101
111000111110
111001000000
111001000101
111001001000
111001001010
111001001011
111001001101
111001010100
111001010110
111001011000
111001100001
111001100011
111001101000
111001101001
111001101010
111001101011
111001101110
111001101111
111001110000
111001110001
111001110100
111001111010
111001111110
111010000010
111010001101
111010010010
111010011001
111010100011
111010101010
111010110010
111010110111
111011000001
111011000011
111011000101
111011000111
111011001011
111011001100
111011001101
111011001110
111011010111
111011011011
111011011110
111011101010
111011101111
111011110011
111011110110
111011111011
111100000101
111100001001
111100001010
111100001111
111100010011
111100010101
111100011010
111100011011
111100100110
111100100111
111100101010
111100110111
111100111000
111101000100
111101000101
111101000111
111101001100
111101001110
111101011001
111101100000
111101100011
111101100110
111101101001
111101101101
111101110010
111101111001
111101111100
111110000001
111110000101
111110000110
111110001001
111110010011
111110010100
111110010110
111110011011
111110011100
111110100000
111110100001
111110100010
111110100101
111110100111
111110101010
111110110101
111110110110
111110111100
111110111111
111111000010
111111000111
111111010001
111111010011
111111010100
111111010110
111111010111
111111011000
111111011001
111111100000
111111100010
111111100101
111111101001
111111101110
111111110011
111111110101
111111111011
111111111101